#To speed up loading, kindly keep all the comments in the beginning of the notecard.
#mit dem Notarzt werden der Medic und der Verbündete schneller geheilt und sind immun gegen Rückstoßeffekte.

#[Tahoma]
#aw = 16, 17, 20, 36, 27, 49, 34, 11, 19, 19, 27, 36, 15, 18, 15, 19, 27, 27, 27, 27, 27, 27, 27, 27, 27, 27, 18, 18, 36, 36, 36, 24, 45, 30, 29, 30, 34, 
#28, 26, 33, 34, 19, 21, 29, 25, 39, 33, 35, 28, 35, 31, 28, 29, 33, 30, 45,  29, 29, 28, 19, 19, 19, 36, 27, 27, 26, 28, 23, 28, 26, 16, 28, 28, 11, 14, 
#25, 11, 42, 28, 27, 28, 28, 18, 22, 17, 28, 25, 37, 25, 25, 22, 24, 19, 24,  36, 16, 16, 16, 16, 16

#[Verdana]
#aw = 18, 20, 23, 41, 32, 54, 36, 13, 23, 23, 32, 41, 18, 23, 18, 23, 32, 32,  32, 32, 32, 32, 32, 32, 32, 32, 23, 23, 41, 41, 41, 27, 50, 34, 34, 35, 39, 
#32, 29, 39, 38, 21, 23, 35, 28, 42, 37, 39, 30, 39, 35, 34, 31, 37, 34, 49,  34, 31, 34, 23, 23, 23, 41, 32, 32, 30, 31, 26, 31, 30, 18, 31, 32, 14, 17, 
#30, 14, 49, 32, 30, 31, 31, 21, 26, 20, 32, 30, 41, 30, 30, 26, 32, 23, 32,  41, 18, 18, 18, 18, 18

#[Oxygen]
#aw=11, 14, 17, 28, 30, 46, 36, 10, 15, 15, 26, 26, 12, 17, 12, 23, 30, 15, 27, 27, 30, 29, 29, 26, 29, 28, 12, 13, 29, 31, 29, 21, 44, 32, 31, 31, 37, 
#28, 25, 35, 36, 12, 13, 30, 24, 44, 36, 40, 28, 40, 33, 30, 26, 34, 31, 52, 32, 30, 29, 17, 23, 17, 29, 31, 16, 26, 29, 23, 29, 26, 16, 28, 27, 11, 11, 25, 
#14, 43, 27, 28, 28, 29, 16, 23, 17, 27, 25, 40, 25, 25, 21, 17, 11, 17, 33,  11, 11, 11, 11, 11
#tex=d23a9663-df19-c91e-41bf-72368c988400
#bump = -0.01peritoneum

[TF2 Build]
chars=!"#$%&'()*+,-./0123456789:;<=>?@ABCDEFGHIJKLMNOPQRSTUVWXYZ[\]^_`abcdefg
hijklmnopqrstuvwxyz{|}~¡£©®¿ÀÁÂÃÄÅÆÇÈÉÊËÌÍÎÏÐÑÒÓÔÕÖ×ØÙÚÛÜÝÞßàáâãäåæçèéêëìíîïð
ñòóôõö÷øùúûüýþÿąćęğİıłńœśşšŸźżž–—‘’‚€™−ЁАБВГДЕЖЗИЙКЛМНОПРСТУФХЦЧШЩЪЫЬЭЮЯабвгд
ежзийклмнопрстуфхцчшщъыьэюяё
aw=13, 8, 8, 21, 12, 18, 20, 5, 13, 12, 12, 13, 6, 11, 7, 14, 21, 12, 19, 19, 21, 17, 15, 18, 18, 16, 7, 7, 15, 15, 15, 19, 22, 23, 19, 21, 23, 20, 20, 21,
24, 9, 15, 19, 16, 25, 21, 25, 19, 25, 19, 19, 22, 24, 25, 31, 23, 24, 19, 8, 14, 8, 17, 18, 5, 23, 19, 21, 23, 20, 20, 21, 24, 1z1, 15, 19, 15, 25, 21, 25,
19, 25, 19, 19, 21, 24, 25, 31, 23, 24, 19, 9, 8, 9, 17, 8, 14, 19, 19, 19, 23, 23, 23, 23, 23, 23, 29, 21, 20, 20, 20, 20, 9, 9, 9, 9, 25, 21, 25, 25,
25, 25, 25, 15, 25, 24, 24, 24, 24, 24, 18, 20, 23, 23, 23, 23, 23, 23, 29, 21, 20, 20, 20, 20, 11, 11, 11, 11, 25, 21, 25, 25, 25, 25, 25, 14, 25, 24,
24, 24, 24, 24, 18, 24, 23, 21, 20, 21, 10, 10, 15, 21, 28, 19, 20, 19, 24,19, 19, 19, 13, 19, 6, 6, 6, 15, 19, 15, 20, 23, 18, 19, 16, 31, 20, 30, 19,
21, 21, 19, 25, 25, 24, 25, 24, 19, 21, 22, 24, 25, 23, 24, 19, 27, 30, 25,26, 19, 21, 34, 19, 23, 18, 19, 16, 31, 20, 30, 19, 21, 21, 19, 25, 25, 24,
25, 24, 19, 21, 22, 24, 25, 23, 24, 19, 27, 30, 25, 26, 19, 21, 34, 19, 20
em=32
rows=16
columns=16
tex=2744dac6-4b2c-542f-ee7f-7f4f554a0574

[Swanky and Moo Moo]
aw = 16, 8, 16, 36, 26, 23, 35, 4, 19, 16, 19, 25, 11, 15, 11, 15, 20, 6, 30, 20, 24, 33, 30, 40, 28, 22, 11, 9, 23, 22, 27, 20, 49, 22, 23,
26, 21, 23, 22, 27, 24, 7, 27, 27, 27, 30, 31, 25, 20, 26, 30, 23, 31, 22, 25, 36, 25, 21, 35, 18, 20, 16, 15, 21, 26, 25, 22, 23, 25, 24, 18,
21, 26, 6, 8, 28, 13, 38, 22, 20, 20, 19, 23, 22, 25, 30, 21, 30, 24, 19, 30, 14, 6, 20, 23, 16, 16, 16, 16, 16
rows=5
columns=20
t_width = 1024
t_height = 256
tex=1ada6cf0-3eea-3016-331d-e554647d9a7c

[TF2Build32]
aw= 13, 8, 8, 21, 12, 18, 20, 5, 13, 12, 12, 13, 6, 11, 7, 14, 21, 12, 19, 19, 
21, 17, 15, 18, 18, 16, 7, 7, 15, 15, 15, 19, 22, 23, 19, 21, 23, 20, 20, 21, 
24, 9, 15, 19, 16, 25, 21, 25, 19, 25, 19, 19, 22, 24, 25, 31, 23, 24, 19, 8, 
14, 8, 17, 18, 5, 23, 19, 21, 23, 20, 20, 21, 24, 11, 15, 19, 15, 25, 21, 25, 
19, 25, 19, 19, 21, 24, 25, 31, 23, 24, 19, 9, 8, 9, 17, 8, 14, 7, 19, 19, 32,
5, 5, 19, 23, 23, 23, 23, 23, 23, 29, 21, 20, 20, 20, 20, 9, 9, 9, 9, 25, 21,
25, 25, 25, 25, 25, 15, 25, 24, 24, 24, 24, 24, 18, 20, 23, 23, 23, 23, 23, 
23, 29, 21, 20, 20, 20, 20, 11, 11, 11, 11, 25, 21, 25, 25, 25, 25, 25, 14, 
25, 24, 24, 24, 24, 24, 18, 24, 23, 23, 21, 21, 20, 20, 20, 21, 10, 10, 15, 
15, 21, 21, 16, 28, 19, 19, 19, 20, 19, 19, 24, 19, 19, 19, 19, 19, 19, 6, 6,
8, 5, 8, 13, 19, 6, 6, 6, 15, 19, 15
em=32
tex=TF2Build32fix

[DejaVu Serif]
aw = 16, 20, 23, 42, 32, 48, 45, 14, 20, 20, 25, 42, 16, 17, 16, 17, 32, 32, 
32, 32, 32, 32, 32, 32, 32, 32, 17, 17, 42, 42, 42, 27, 50, 36, 37, 38, 40, 
37, 35, 40, 44, 20, 20, 37, 33, 51, 44, 41, 34, 41, 38, 34, 33, 42, 36, 51, 
36, 33, 35, 20, 17, 20, 42, 25, 25, 30, 32, 28, 32, 30, 19, 32, 32, 16, 16, 
30, 16, 47, 32, 30, 32, 32, 24, 26, 20, 32, 28, 43, 28, 28, 26, 32, 17, 32, 
42, 16, 16, 16, 16, 16
bump = -0.01
[Droid Serif]
aw=13, 17, 20, 28, 28, 45, 37, 11, 17, 17, 25, 28, 13, 16, 14, 14, 28, 28, 28,
28, 28, 28, 28, 28, 28, 28, 14, 13, 28, 28, 28, 25, 46, 35, 33, 31, 36, 31,
30, 36, 40, 18, 18, 35, 31, 47, 38, 37, 30, 37, 33, 27, 31, 36, 34, 52, 33,
31, 30, 18, 14, 18, 28, 23, 29, 28, 31, 25, 31, 27, 18, 27, 32, 16, 15, 29,
16, 47, 32, 29, 31, 31, 24, 23, 18, 32, 29, 43, 29, 28, 26, 21, 28, 21, 28, 
13, 13, 13, 13, 13
tex =droid serif 1
bump = -0.01

[Ubuntu]
aw = 12, 14, 21, 34, 28, 43, 34, 12, 16, 16, 24, 28, 13, 15, 13, 19, 28, 28, 
28, 28, 28, 28, 28, 28, 28, 28, 13, 13, 28, 28, 28, 20, 48, 33, 32, 31, 36, 
29, 27, 34, 35, 14, 25, 32, 26, 44, 37, 39, 31, 39, 32, 27, 28, 35, 33, 47, 
32, 30, 29, 17, 19, 17, 28, 25, 19, 26, 30, 23, 30, 28, 20, 29, 29, 13, 13, 
26, 14, 43, 29, 30, 30, 30, 20, 23, 20, 29, 25, 39, 26, 25, 24, 17, 14, 17, 
28, 12, 12, 12, 12, 12
bump = -0.01

[Nekotoba2]
aw = 15, 12, 17, 39, 28, 37, 25, 10, 14, 14, 19, 35, 12, 21, 21, 23, 27, 13, 
26, 27, 30, 29, 25, 25, 27, 24, 13, 12, 22, 31, 23, 17, 41, 31, 27, 30, 33, 
30, 26, 35, 24, 12, 18, 26, 28, 43, 32, 37, 27, 35, 24, 34, 34, 31, 38, 40, 
34, 31, 36, 19, 25, 19, 22, 35, 25, 24, 24, 22, 25, 24, 23, 23, 21, 10, 14, 
22, 11, 28, 25, 22, 21, 25, 22, 22, 25, 22, 24, 30, 22, 27, 26, 15, 11, 16, 
30, 15, 15, 15, 15, 15
tex=nekotoba2 (no shadow)
bump=0

[Nekotoba2 (shadow)]
aw = 15, 12, 17, 39, 28, 37, 25, 10, 14, 14, 19, 35, 12, 21, 21, 23, 27, 13, 
26, 27, 30, 29, 25, 25, 27, 24, 13, 12, 22, 31, 23, 17, 41, 31, 27, 30, 33, 
30, 26, 35, 24, 12, 18, 26, 28, 43, 32, 37, 27, 35, 24, 34, 34, 31, 38, 40, 
34, 31, 36, 19, 25, 19, 22, 35, 25, 24, 24, 22, 25, 24, 23, 23, 21, 10, 14, 
22, 11, 28, 25, 22, 21, 25, 22, 22, 25, 22, 24, 30, 22, 27, 26, 15, 11, 16, 
30, 15, 15, 15, 15, 15
tex=nekotoba2
bump =0

[DejaVu Sans]
aw=16, 20, 23, 42, 32, 48, 39, 14, 20, 20, 25, 42, 16, 18, 16, 17, 32, 32, 32, 
32, 32, 32, 32, 32, 32, 32, 17, 17, 42, 42, 42, 27, 50, 34, 34, 35, 39, 32, 
29, 39, 38, 15, 15, 33, 28, 43, 37, 39, 30, 39, 35, 32, 31, 37, 34, 49, 34, 
31, 34, 20, 17, 20, 42, 25, 25, 31, 32, 27, 32, 31, 18, 32, 32, 14, 14, 29, 
14, 49, 32, 31, 32, 32, 21, 26, 20, 32, 30, 41, 30, 30, 26, 32, 17, 32, 42, 
16, 16, 16, 16, 16
bump = -0.01

[Droid Sans]
aw=13, 13, 20, 32, 28, 41, 35, 11, 15, 15, 28, 28, 13, 16, 13, 19, 28, 28, 28, 28, 28, 28, 28, 28, 28, 28, 13, 13, 28, 28, 28, 21, 43, 30, 31, 30, 34, 26, 25, 35, 35, 17, 14, 29, 25, 44, 36, 37, 29, 37, 30, 26, 26, 35, 28, 44, 27, 
26, 27, 15, 19, 15, 27, 21, 29, 27, 29, 23, 29, 27, 16, 26, 29, 13, 13, 25, 13, 45, 29, 29, 29, 29, 20, 23, 17, 29, 24, 37, 25, 24, 22, 18, 28, 18, 28, 13, 13, 13, 13, 13

[eurofurence]
aw= 10, 9, 16, 33, 20, 33, 26, 8, 10, 10, 24, 24, 8, 15, 7, 24, 24, 24, 24, 24,
 24, 24, 24, 24, 24, 24, 7, 9, 24, 24, 24, 18, 30, 32, 23, 29, 31, 23, 22, 30,
  28, 9, 12, 25, 23, 36, 31, 33, 23, 33, 23, 20, 23, 26, 32, 46, 27, 26, 27, 
  17, 24, 17, 18, 24, 8, 19, 25, 21, 26, 23, 18, 21, 21, 9, 9, 20, 11, 33, 21, 
  24, 26, 26, 16, 16, 18, 20, 24, 37, 21, 21, 21, 15, 9, 15, 18, 10, 10, 10, 
  10, 10
tex = eurofurence Medium

[Acme]
aw=8 12 17 21 19 49 32 10 14 14 15 21 10 14 10 15 29 19 25 24 27 24 25 22 27 25 10 10 20 21 20 18 36 32 29 28 33 25 22 32 35 15 18 29 21 37 34 33 25 34 29
25 24 33 30 46 30 28 27 14 15 14 21 21 12 23 25 19 25 22 15 25 26 12 12 24 13 40 26 24 25 25 18 20 18 26 23 37 24 23 21 14 13 14 21 8 8 8 8 8

[Boogaloo]
aw=12 14 17 42 24 34 27 9 18 18 24 42 13 16 13 21 24 24 24 24 24 24 24 24 24 24 13 13 42 42 42 21 42 26 26 24 25 22 21 25 27 14 21 26 19 33 27 26 23 26 26 24 19
27 24 33 23 22 23 19 21 19 50 25 25 20 22 18 21 18 14 20 21 12 13 21 12 32 21 18 21 20 15 17 14 21 18 26 18 19 17 25 25 25 42 12 12 12 12 12

[Cantarell]
aw=14 16 19 34 29 32 39 10 18 18 29 34 14 20 14 18 32 32 32 32 32 32 32 32 32 32 14 14 26 34 26 26 51 32 32 35 38 28 28 38 37 16 22 34 27 43 37 41 32 41 32 30 29
35 32 50 33 30 33 19 18 19 36 28 27 25 28 23 29 26 19 27 26 10 12 25 15 39 26 28 28 28 20 25 19 26 25 41 26 25 26 19 22 19 26 14 14 14 14 14

[Essays1743]
aw=23 15 26 25 15 39 46 14 13 13 26 17 16 17 15 39 27 27 27 27 27 27 27 27 27 27 19 19 18 17 18 23 26 37 31 34 37 32 32 38 40 19 19 35 35 42 39 37 31 37 37 22 42
39 33 51 39 37 38 13 39 13 17 27 14 20 25 21 22 18 16 25 24 12 14 26 14 35 23 21 23 23 18 15 15 21 21 32 24 24 23 13 12 13 17 23 23 23 23 23
[Essays1743_40]
aw=19 12 21 20 12 31 37 11 10 10 21 14 13 14 12 31 22 22 22 22 22 22 22 22 22 22 15 15 15 14 15 19 21 30 25 27 29 25 25 30 32 15 15 28 28 34 31 30 25 30 30 18 33
31 27 41 31 30 30 10 31 10 14 22 11 16 20 17 17 14 13 20 19 10 11 21 11 28 18 17 19 19 14 12 12 17 17 26 19 19 18 10 10 10 14 19 19 19 19 19
em=40
[Essays1743 Italic]
aw=23 14 23 27 17 39 46 12 13 14 26 17 12 17 12 38 27 27 27 27 27 27 27 27 27 27 19 19 18 17 18 23 27 35 28 31 36 30 28 35 38 24 27 35 30 45 35 36 29 37 32 21 33
37 30 47 38 39 38 15 47 15 17 27 15 22 20 16 22 15 15 18 20 12 14 19 13 34 23 16 18 21 17 14 14 21 31 45 25 18 27 13 13 13 17 23 23 23 23 23
[Ubuntu Condensed,]
aw=10 13 19 28 22 32 26 11 14 14 19 22 12 12 12 14 22 22 22 22 22 22 22 22 22 22 12 12 22 22 22 17 41 25 26 23 29 23 21 26 29 13 20 26 21 36 29 30 24 30 26 20 21
27 25 38 24 23 22 14 14 14 22 18 16 22 23 18 23 22 15 23 24 12 12 21 12 35 24 23 23 23 16 17 16 24 20 29 20 20 18 13 13 13 22 10 10 10 10 10

[Komika Text]
aw=(13 11 17 35 25 33 31 9 19 19 27 27 11 19 10 20 25 13 25 26 30 26 28 24 26 26 10 10 26 29 26 27 40 30 31 29 30 27 24 36 31 11 26 28 22 39 33 32 28 33 28 32 25 31 26 38 24 31 28 20 22 20 20 24 26
26 25 23 28 23 19 26 26 11 11 21 11 38 25 26 26 27 19 26 22 26 21 30 21 23 23 25 11 25 25 13 13 13 13 13)

[Quantico]
aw=(13 18 22 38 32 50 33 13 18 18 32 30 18 22 18 19 33 29 32 33 31 32 32 31 32 32 18 18 33 34 33 29 51 33 33 33 35 27 26 34 36 14 27 33 24 44 37 35 31 35 33 32 28 35 33 48 33 31 29 18 19 18 30 31 25
27 30 26 30 28 19 29 30 13 13 27 16 42 29 29 30 30 19 27 20 29 26 38 25 26 23 20 17 20 34 13 13 13 13 13)

[Quantico 4x]
aw=(52 70 86 151 129 198 131 50 73 73 126 120 70 88 70 77 133 114 126 130 125 129 127 123 129 127 70 70 130 136 130 116 202 133 131 133 141 108 106 135 143 56 107 133 96 177 147 141 125 141 131 129
112 141 133 191 130 122 117 73 77 73 120 122 100 107 119 103 119 111 78 115 119 51 51 106 63 167 117 117 119 119 78 107 82 117 105 151 100 104 93 80 66 80 136 52 52 52 52 52)
width=2048
height=2048
em=400
tex=Quantico
